2	9	9
2.05	9.10056
2.1	9.1545
2.15	9.16519
2.2	9.136
2.25	9.07031
2.3	8.9715
2.35	8.84294
2.4	8.688
2.45	8.51006
2.5	8.3125
2.55	8.09869
2.6	7.872
2.65	7.63581
2.7	7.3935
2.75	7.14844
2.8	6.904
2.85	6.66356
2.9	6.4305
2.95	6.20819
3	6	6
3.05	5.78563
3.1	5.545
3.15	5.28188
3.2	5
3.25	4.70313
3.3	4.395
3.35	4.07938
3.4	3.76
3.45	3.44063
3.5	3.125
3.55	2.81688
3.6	2.52
3.65	2.23813
3.7	1.975
3.75	1.73438
3.8	1.52
3.85	1.33563
3.9	1.185
3.95	1.07188
4	1	1
4.05	0.968313
4.1	0.9715
4.15	1.00694
4.2	1.072
4.25	1.16406
4.3	1.2805
4.35	1.41869
4.4	1.576
4.45	1.74981
4.5	1.9375
4.55	2.13644
4.6	2.344
4.65	2.55756
4.7	2.7745
4.75	2.99219
4.8	3.208
4.85	3.41931
4.9	3.6235
4.95	3.81794
5	4	4
5.05	4.18931
5.1	4.4045
5.15	4.64144
5.2	4.896
5.25	5.16406
5.3	5.4415
5.35	5.72419
5.4	6.008
5.45	6.28881
5.5	6.5625
5.55	6.82494
5.6	7.072
5.65	7.29956
5.7	7.5035
5.75	7.67969
5.8	7.824
5.85	7.93231
5.9	8.0005
5.95	8.02444
6	8	8
6.05	7.90306
6.1	7.7195
6.15	7.46019
6.2	7.136
6.25	6.75781
6.3	6.3365
6.35	5.88294
6.4	5.408
6.45	4.92256
6.5	4.4375
6.55	3.96369
6.6	3.512
6.65	3.09331
6.7	2.7185
6.75	2.39844
6.8	2.144
6.85	1.96606
6.9	1.8755
6.95	1.88319
7	2	2
7.05	2.24625
7.1	2.625
7.15	3.12125
7.2	3.72
7.25	4.40625
7.3	5.165
7.35	5.98125
7.4	6.84
7.45	7.72625
7.5	8.625
7.55	9.52125
7.6	10.4
7.65	11.2462
7.7	12.045
7.75	12.7812
7.8	13.44
7.85	14.0062
7.9	14.465
7.95	14.8012
8	15	15
8.05	15.0702
8.1	15.037
8.15	14.9093
8.2	14.696
8.25	14.4063
8.3	14.049
8.35	13.6333
8.4	13.168
8.45	12.6623
8.5	12.125
8.55	11.5653
8.6	10.992
8.65	10.4143
8.7	9.841
8.75	9.28125
8.8	8.744
8.85	8.23825
8.9	7.773
8.95	7.35725
9	7	7
9.05	6.67281
9.1	6.3425
9.15	6.01094
9.2	5.68
9.25	5.35156
9.3	5.0275
9.35	4.70969
9.4	4.4
9.45	4.10031
9.5	3.8125
9.55	3.53844
9.6	3.28
9.65	3.03906
9.7	2.8175
9.75	2.61719
9.8	2.44
9.85	2.28781
9.9	2.1625
9.95	2.06594
10	2	2
10.05	1.96831
10.1	1.9715
10.15	2.00694
10.2	2.072
10.25	2.16406
10.3	2.2805
10.35	2.41869
10.4	2.576
10.45	2.74981
10.5	2.9375
10.55	3.13644
10.6	3.344
10.65	3.55756
10.7	3.7745
10.75	3.99219
10.8	4.208
10.85	4.41931
10.9	4.6235
10.95	4.81794
11	5	5
11.05	5.1715
11.1	5.337
11.15	5.498
11.2	5.656
11.25	5.8125
11.3	5.969
11.35	6.127
11.4	6.288
11.45	6.4535
11.5	6.625
11.55	6.804
11.6	6.992
11.65	7.1905
11.7	7.401
11.75	7.625
11.8	7.864
11.85	8.1195
11.9	8.393
11.95	8.686
12	9	9
12.05	9.34788
12.1	9.738
12.15	10.1651
12.2	10.624
12.25	11.1094
12.3	11.616
12.35	12.1386
12.4	12.672
12.45	13.2109
12.5	13.75
12.55	14.2841
12.6	14.808
12.65	15.3164
12.7	15.804
12.75	16.2656
12.8	16.696
12.85	17.0899
12.9	17.442
12.95	17.7471
13	18	18
13.05	18.2233
13.1	18.441
13.15	18.6503
13.2	18.848
13.25	19.0313
13.3	19.197
13.35	19.3423
13.4	19.464
13.45	19.5593
13.5	19.625
13.55	19.6583
13.6	19.656
13.65	19.6152
13.7	19.533
13.75	19.4062
13.8	19.232
13.85	19.0072
13.9	18.729
13.95	18.3942
14	18	18
14.05	17.5086
14.1	16.894
14.15	16.1704
14.2	15.352
14.25	14.4531
14.3	13.488
14.35	12.4709
14.4	11.416
14.45	10.3376
14.5	9.25
14.55	8.16737
14.6	7.104
14.65	6.07412
14.7	5.092
14.75	4.17187
14.8	3.328
14.85	2.57462
14.9	1.926
14.95	1.39637
15	1	1
15.05	0.730937
15.1	0.5675
15.15	0.500312
15.2	0.52
15.25	0.617188
15.3	0.7825
15.35	1.00656
15.4	1.28
15.45	1.59344
15.5	1.9375
15.55	2.30281
15.6	2.68
15.65	3.05969
15.7	3.4325
15.75	3.78906
15.8	4.12
15.85	4.41594
15.9	4.6675
15.95	4.86531
16	5	5
16.05	5.09144
16.1	5.1665
16.15	5.22631
16.2	5.272
16.25	5.30469
16.3	5.3255
16.35	5.33556
16.4	5.336
16.45	5.32794
16.5	5.3125
16.55	5.29081
16.6	5.264
16.65	5.23319
16.7	5.1995
16.75	5.16406
16.8	5.128
16.85	5.09244
16.9	5.0585
16.95	5.02731
17	5	5
17.05	4.97612
17.1	4.954
17.15	4.93287
17.2	4.912
17.25	4.89062
17.3	4.868
17.35	4.84337
17.4	4.816
17.45	4.78512
17.5	4.75
17.55	4.70987
17.6	4.664
17.65	4.61162
17.7	4.552
17.75	4.48437
17.8	4.408
17.85	4.32212
17.9	4.226
17.95	4.11887
